33
97
32
54
48
21
78
14
65
44
43
76
85
13
42
37
18
87
58
84
57
86
47
81
75
52
27
42
52
34
77
71
27
37
81
44
92
32
77
94
64
88
44
43
38
99
92
25
44
63
75
26
86
69
42
21
14
33
76
87
96
34
78
91
52
87
63
45
51
66
67
77
16
82
76
24
46
57
54
43
45
31
82
53
77
63
13
59
39
14
69
98
41
24
77
82
88
86
59
51
61
21
52
33
33
17
22
79
28
95
51
46
49
11
18
47
39
55
73
96
17
51
23
23
36
72
73
93
79
85
88
29
49
31
33
58
16
53
91
79
79
45
46
18
89
79
18
31
61
56
62
38
73
29
25
81
18
92
63
69
46
34
83
63
88
38
85
94
31
92
83
56
15
65
18
22
88
33
67
54
25
61
55
39
99
27
14
41
88
94
83
45
48
78
64
28
56
85
97
99
65
54
39
37
25
91
87
59
61
79
74
37
69
21
82
78
72
88
37
39
75
91
86
26
72
52
22
57
97
62
68
13
56
57
78
44
39
82
18
74
64
11
85
58
55
68
72
14
53
23
25
45
78
69
98
43
68
57
58
82
26
72
78
27
16
83
46
46
59
34
73
75
97
21
66
87
21
88
18
11
58
77
22
25
24
54
46
18
57
16
22
18
77
44
84
24
89
76
71
11
45
65
95
61
12
21
58
82
54
85
34
26
44
82
85
66
51
25
63
45
44
26
44
44
85
27
53
38
16
34
27
49
68
13
68
47
56
76
26
53
93
93
72
91
25
91
44
11
66
36
15
94
63
64
95
91
77
43
95
56
44
67
41
97
47
39
27
89
31
25
96
39
58
82
71
45
21
55
11
23
59
99
35
75
34
14
24
92
15
76
21
93
86
34
97
63
11
78
47
93
92
27
81
45
49
86
68
18
65
43
42
93
83
62
22
21
33
86
25
16
71
94
37
33
82
23
84
21
68
61
68
77
73
62
11
45
78
44
39
95
17
18
18
16
11
75
17
82
14
55
11
92
91
14
26
66
84
69
72
69
96
14
68
77
29
33
55
26
65
41
12
45
99
25
83
33
81
26
86
49
13
43
93
92
15
62
95
38
46
25
19
28
25
79
87
66
24
29
56
37
59
82
11
99
69
85
53
64
35
47
67
19
56
99
58
45
91
35
57
28
57
99
33
71
34
86
74
13
93
65
23
95
89
77
77
51
55
26
27
21
64
31
22
55
82
31
25
13
45
87
65
35
55
16
16
95
67
69
73
52
88
87
49
85
97
17
88
91
72
96
53
46
72
33
71
78
37
71
74
53
55
84
73
75
35
99
89
49
61
54
77
84
44
73
86
94
51
97
76
29
73
91
18
77
96
22
69
11
81
91
31
88
46
47
72
22
47
39
82
41
36
91
44
21
36
88
59
43
97
86
48
27
49
25
58
32
75
79
39
22
94
32
78
75
38
21
89
53
52
14
22
49
61
86
13
67
98
99
42
54
13
61
31
48
82
23
83
81
33
23
71
22
17
22
12
45
39
32
58
22
77
36
72
86
81
25
28
99
17
79
93
13
16
91
49
41
17
16
39
35
34
46
49
18
95
21
22
29
15
45
84
94
75
26
61
62
97
87
56
58
18
99
93
49
69
63
81
41
21
35
92
58
12
44
25
85
62
62
55
95
77
37
71
36
14
33
89
89
11
47
47
62
38
61
28
42
44
19
55
58
71
97
97
56
25
59
44
79
93
32
34
33
24
82
69
55
41
62
78
92
37
13
11
95
35
91
74
19
76
86
22
97
95
47
25
55
51
12
68
33
74
54
98
51
12
63
14
63
64
75
83
55
23
25
45
39
66
54
57
55
71
45
76
29
68
77
63
43
29
64
78
81
78
78
93
32
28
59
34
68
83
23
12
46
35
62
15
24
45
77
21
51
93
29
57
52
45
53
81
78
62
99
17
69
71
37
58
82
95
42
82
82
76
83
44
43
22
35
59
99
33
14
85
96
62
44
99
15
44
68
87
73
21
41
39
81
17
12
25
14
97
43
12
61
71
16
59
57
81
81
93
66
19
41
48
83
95
29
82
87
39
44
79
99
42
93
39
82
64
41
12
22
32
48
27
18
59
22
26
31
37
59
44
67
33
89
44
63
17
23
79
43
83
19
77
87
88
71
21
39
25
11
16
43
65
44
53
67
48
57
69
91
63
24
33
68
46
11
93
55
52
72
15
94
13
77
23
43
98
15
81
89
47
44
33
21
66
83
62
87
Part 2: 54699
